label
6700
27943
31047
69984
86014
92819
111111
121259
122704
138233
149150
153047
169035
171256
194399
201471
236106
242833
262511
307200
336868
359509
359910
364997
440772
493018
494046
500459
553734
572996
610415
684692
695053
728694
750506
784946
805113
810461
840808
850346
901144
950146
951057
979289
1017237
1026087
1051797
1056730
1063027
1069840
1085810
1129270
1144249
1207393
1225683
1267338
1359507
1380058
1398608
1433217
1451043
1470494
1473742
1520853
1527820
1566644
1584377
1634321
1726662
1771824
1789952
1822769
1830844
1873999
1885660
1917626
2010948
2067584
2075349
2100767
2195167
2241883
2274327
2320097
2421949
2631198
2716188
2802064
2844704
2846298
2851413
2901298
3034952
3059129
3076648
3127440
3163422
3224854
3354511
3384534
3434388
3439981
3540295
3561056
3561711
3583740
3638034
3658673
3665147
3744697
3888938
4060176
4255480
4425359
4459419
4616273
4851614
4889658
4907854
4935684
4968448
5004276
5100287
5117172
5187652
5316755
5431435
5627301
5686237
5734583
5767357
5876747
5891929
6055620
6260001
6487376
6491621
6677069
6678156
6847754
7165616
7364307
7486130
7506937
8021462
8111171
8228308
8495740
8716680
8758614
8894528
9033306
9331127
9337047
10693852
11922384
12475285
12830031
12953750
13418980
13840431
14220323
14853974
15171030
17606289
19590901
20035319
20077854
20279485
21925491
22519785
22745553
23392650
23667087
23740549
24070373
24900924
25111942
25881231
28250697
30070207
32585470
